
h_ClustSat_MyCorrWOinv_sat1		7407	-0.0480007	0.00161929	0.280475	0.00114501	-0.0408153	0.000811432	0.1175	0.000836513	0.582371	0.850105	0.761925

h_ClustSat_HscpCorrWOinv_sat1		5702	-0.0551416	0.00159418	0.276189	0.00112725	-0.0459057	0.00129226	0.155683	0.00144891	0.584035	0.860824	0.722746

h_ClustSat_MyCorrWOinv_sat2		419	-0.408717	0.00544704	0.310147	0.00385164	-0.625896	0.0489831	0.398327	0.0440265	0.764706	0.676317	0.202649

h_ClustSat_HscpCorrWOinv_sat2		419	-0.410211	0.00535744	0.305186	0.00378828	-0.622128	0.0474312	0.396166	0.0431075	0.766246	0.677549	0.202957

h_ClustSat_MyCorrWOinv_sat3		488	-0.743664	0.0028267	0.107712	0.00199878	-0.760977	0.003434	0.107777	0.0113437	0.846419	0.992424	0.00206612

h_ClustSat_HscpCorrWOinv_sat3		488	-0.743664	0.0028267	0.107712	0.00199878	-0.760977	0.003434	0.107777	0.0113437	0.846419	0.992424	0.00206612
