
h_ClustSat_HscpCorrWinv_firstThreshold20		5826	0.0891322	0.00155486	0.206076	0.00109945	0.105834	0.000867606	0.0978185	0.000906163	0.745221	0.963587	0.87995

h_ClustSat_HscpCorrWinv_firstThreshold50		5516	0.0820124	0.00158624	0.210248	0.00112164	0.100313	0.000915858	0.107947	0.000899847	0.713132	0.962563	0.879609

h_ClustSat_HscpCorrWinv_firstThreshold100		5038	0.0563314	0.00175195	0.232211	0.00123881	0.100117	0.00106371	0.117154	0.00116388	0.650205	0.931611	0.84843

h_ClustSat_HscpCorrWinv_firstThreshold150		4436	-0.0207252	0.00254248	0.336992	0.00179781	0.0993057	0.00137591	0.143095	0.00201883	0.665112	0.835344	0.756827

h_ClustSat_HscpCorrWinv_firstThreshold200		4406	-0.222323	0.00367875	0.487626	0.00260127	0.203443	0.00859108	0.247611	0.00432587	0.585002	0.634957	0.604005
