
h_ClustSat_HscpCorrWinv_secondThreshold25		5826	0.0891322	0.00155486	0.206076	0.00109945	0.105834	0.000867606	0.0978185	0.000906163	0.745221	0.963587	0.87995

h_ClustSat_HscpCorrWinv_secondThreshold50		5826	0.0891322	0.00155486	0.206076	0.00109945	0.105834	0.000867606	0.0978185	0.000906163	0.745221	0.963587	0.87995

h_ClustSat_HscpCorrWinv_secondThreshold100		5826	0.0891322	0.00155486	0.206076	0.00109945	0.105834	0.000867606	0.0978185	0.000906163	0.745221	0.963587	0.87995

h_ClustSat_HscpCorrWinv_secondThreshold150		5826	0.0891322	0.00155486	0.206076	0.00109945	0.105834	0.000867606	0.0978185	0.000906163	0.745221	0.963587	0.87995

h_ClustSat_HscpCorrWinv_secondThreshold200		5826	0.0891322	0.00155486	0.206076	0.00109945	0.105834	0.000867606	0.0978185	0.000906163	0.745221	0.963587	0.87995
