
h_ClustSat_HscpCorrWinv_firstXTalk10		5826	0.0891322	0.00155486	0.206076	0.00109945	0.105834	0.000867606	0.0978185	0.000906163	0.745221	0.963587	0.87995

h_ClustSat_HscpCorrWinv_firstXTalk11		4874	0.120163	0.00160019	0.212059	0.0011315	0.140607	0.00101343	0.105856	0.00102401	0.711425	0.960059	0.804051

h_ClustSat_HscpCorrWinv_firstXTalk12		4680	0.155442	0.00166966	0.221266	0.00118063	0.177678	0.00103178	0.11492	0.000969126	0.663177	0.959149	0.699249

h_ClustSat_HscpCorrWinv_firstXTalk9		5468	0.0610184	0.00150341	0.199258	0.00106307	0.0765994	0.000848295	0.0937148	0.000779804	0.60264	0.96279	0.929335

h_ClustSat_HscpCorrWinv_firstXTalk8		6366	0.0362233	0.00145819	0.193264	0.0010311	0.0492886	0.000734069	0.0876915	0.000660482	0.602185	0.964042	0.952208
