
h_ClustSat_HscpCorrWinv_secondXTalk4		5826	0.0891322	0.00155486	0.206076	0.00109945	0.105834	0.000867606	0.0978185	0.000906163	0.745221	0.963587	0.87995

h_ClustSat_HscpCorrWinv_secondXTalk5		5180	0.120088	0.00159241	0.211028	0.001126	0.140272	0.000936431	0.100877	0.000914628	0.727924	0.960287	0.814406

h_ClustSat_HscpCorrWinv_secondXTalk6		5366	0.153739	0.00164839	0.218448	0.00116559	0.175919	0.000874114	0.103219	0.000783232	0.549386	0.959604	0.729062

h_ClustSat_HscpCorrWinv_secondXTalk3		5220	0.0600119	0.00151477	0.200774	0.00107111	0.0743919	0.000893024	0.0967244	0.00082844	0.583864	0.96279	0.924215

h_ClustSat_HscpCorrWinv_secondXTalk2		5998	0.0326663	0.00146911	0.194723	0.00103882	0.0454175	0.00081071	0.0940806	0.000775388	0.782772	0.963928	0.949135
